-0.00162500000000000	-29.9999680000000	60.0000040000000	-1.60000000000000e-10	59.9999690000000
-0.00647600000000000	-29.9999680000000	60.0000040000000	-5.90000000000000e-10	59.9999690000000
-0.0145610000000000	-29.9999600000000	59.9999960000000	-7.40000000000000e-06	59.9999690000000
-0.0258800000000000	-29.9999500000000	59.9999890000000	-7.40000000000000e-06	59.9999620000000
-0.0404330000000000	-29.9999220000000	59.9999810000000	-9.90000000000000e-06	59.9999540000000
-0.0582250000000000	-29.9998780000000	59.9999540000000	-1.00000000000000e-05	59.9999350000000
-0.0792470000000000	-29.9997960000000	59.9999120000000	-1.00000000000000e-05	59.9999010000000
-0.103505000000000	-29.9996620000000	59.9998440000000	-1.00000000000000e-05	59.9998400000000
-0.130998000000000	-29.9994750000000	59.9997440000000	-1.00000000000000e-05	59.9997480000000
-0.161721000000000	-29.9992260000000	59.9995990000000	-1.00000000000000e-05	59.9996410000000
-0.195682000000000	-29.9988840000000	59.9994200000000	-1.00000000000000e-05	59.9994850000000
-0.232874000000000	-29.9984300000000	59.9991680000000	-1.00000000000000e-05	59.9992790000000
-0.273299000000000	-29.9978350000000	59.9988560000000	-1.10000000000000e-05	59.9989930000000
-0.316957000000000	-29.9971010000000	59.9984590000000	-1.00000000000000e-05	59.9986570000000
-0.363847000000000	-29.9961720000000	59.9979670000000	-1.10000000000000e-05	59.9982260000000
-0.413965000000000	-29.9950640000000	59.9973600000000	-1.10000000000000e-05	59.9977150000000
-0.467316000000000	-29.9937250000000	59.9966350000000	-1.10000000000000e-05	59.9971050000000
-0.523894000000000	-29.9920980000000	59.9957700000000	-1.10000000000000e-05	59.9963490000000
-0.583697000000000	-29.9902000000000	59.9947430000000	-1.10000000000000e-05	59.9954760000000
-0.646728000000000	-29.9879760000000	59.9935340000000	-1.10000000000000e-05	59.9944650000000
-0.712978000000000	-29.9853780000000	59.9921490000000	-1.10000000000000e-05	59.9932560000000
-0.782452000000000	-29.9824200000000	59.9905430000000	-1.10000000000000e-05	59.9919010000000
-0.855140000000000	-29.9789810000000	59.9886860000000	-1.10000000000000e-05	59.9903180000000
-0.931042000000000	-29.9750790000000	59.9865880000000	-1.10000000000000e-05	59.9885060000000
-1.01015500000000	-29.9706860000000	59.9842110000000	-1.20000000000000e-05	59.9864920000000
-1.09247100000000	-29.9657040000000	59.9815330000000	-1.10000000000000e-05	59.9841920000000
-1.17799100000000	-29.9601150000000	59.9785230000000	-1.10000000000000e-05	59.9816170000000
-1.26670400000000	-29.9538560000000	59.9751400000000	-1.20000000000000e-05	59.9787410000000
-1.35860700000000	-29.9469170000000	59.9714050000000	-1.20000000000000e-05	59.9755290000000
-1.45369000000000	-29.9392220000000	59.9672510000000	-1.30000000000000e-05	59.9719920000000
-1.55194900000000	-29.9307190000000	59.9626540000000	-1.20000000000000e-05	59.9680790000000
-1.65337600000000	-29.9213410000000	59.9576000000000	-1.30000000000000e-05	59.9637600000000
-1.75795700000000	-29.9110580000000	59.9520490000000	-1.20000000000000e-05	59.9590260000000
-1.86568700000000	-29.8998050000000	59.9459690000000	-1.30000000000000e-05	59.9538570000000
-1.97655000000000	-29.8874950000000	59.9393230000000	-1.30000000000000e-05	59.9481960000000
-2.09053900000000	-29.8741110000000	59.9320830000000	-1.30000000000000e-05	59.9420390000000
-2.20763900000000	-29.8595730000000	59.9242210000000	-1.20000000000000e-05	59.9353600000000
-2.32783500000000	-29.8438090000000	59.9156990000000	-1.20000000000000e-05	59.9281270000000
-2.45111300000000	-29.8267460000000	59.9064710000000	-1.30000000000000e-05	59.9202880000000
-2.57745300000000	-29.8083420000000	59.8965110000000	-1.40000000000000e-05	59.9118540000000
-2.70684100000000	-29.7885210000000	59.8857880000000	-1.30000000000000e-05	59.9027480000000
-2.83925900000000	-29.7672310000000	59.8742450000000	-1.30000000000000e-05	59.8930020000000
-2.97468000000000	-29.7443370000000	59.8618430000000	-1.20000000000000e-05	59.8825040000000
-3.11308800000000	-29.7198450000000	59.8485640000000	-1.20000000000000e-05	59.8712880000000
-3.25445500000000	-29.6936440000000	59.8343510000000	-1.40000000000000e-05	59.8593140000000
-3.39875900000000	-29.6656570000000	59.8191530000000	-1.30000000000000e-05	59.8465160000000
-3.54597100000000	-29.6358130000000	59.8029440000000	-1.30000000000000e-05	59.8328820000000
-3.69606200000000	-29.6040440000000	59.7856710000000	-1.40000000000000e-05	59.8183860000000
-3.84900400000000	-29.5702670000000	59.7673000000000	-1.50000000000000e-05	59.8029940000000
-4.00476600000000	-29.5344050000000	59.7477760000000	-1.40000000000000e-05	59.7866480000000
-4.16330800000000	-29.4963740000000	59.7270470000000	-1.40000000000000e-05	59.7693410000000
-4.32460100000000	-29.4561000000000	59.7050820000000	-1.40000000000000e-05	59.7510340000000
-4.48860000000000	-29.4135040000000	59.6818310000000	-1.30000000000000e-05	59.7316930000000
-4.65526800000000	-29.3685020000000	59.6572420000000	-1.40000000000000e-05	59.7112770000000
-4.82456600000000	-29.3210220000000	59.6312600000000	-1.70000000000000e-05	59.6897740000000
-4.99644800000000	-29.2709580000000	59.6038440000000	-1.70000000000000e-05	59.6671260000000
-5.17086200000000	-29.2182410000000	59.5749400000000	-2.00000000000000e-05	59.6433220000000
-5.34776500000000	-29.1627730000000	59.5444980000000	-1.60000000000000e-05	59.6182900000000
-5.52710700000000	-29.1045230000000	59.5124630000000	-2.00000000000000e-05	59.5920750000000
-5.70882800000000	-29.0433520000000	59.4787900000000	-1.80000000000000e-05	59.5645790000000
-5.89288000000000	-28.9791760000000	59.4434170000000	-1.80000000000000e-05	59.5357820000000
-6.07919700000000	-28.9119380000000	59.4063070000000	-1.90000000000000e-05	59.5056530000000
-6.26772800000000	-28.8415990000000	59.3673970000000	-1.30000000000000e-05	59.4742130000000
-6.45839900000000	-28.7679820000000	59.3266220000000	-1.90000000000000e-05	59.4413680000000
-6.65115300000000	-28.6910500000000	59.2839470000000	-1.50000000000000e-05	59.4071200000000
-6.84591800000000	-28.6107460000000	59.2393110000000	-2.20000000000000e-05	59.3714520000000
-7.04262200000000	-28.5269410000000	59.1926380000000	-2.00000000000000e-05	59.3343240000000
-7.24119900000000	-28.4396100000000	59.1439130000000	-1.80000000000000e-05	59.2957080000000
-7.44156300000000	-28.3486270000000	59.0930480000000	-1.70000000000000e-05	59.2556000000000
-7.64364800000000	-28.2539500000000	59.0399930000000	-1.80000000000000e-05	59.2139700000000
-7.84736100000000	-28.1554870000000	58.9847030000000	-2.00000000000000e-05	59.1707950000000
-8.05262800000000	-28.0531600000000	58.9271240000000	-1.30000000000000e-05	59.1260600000000
-8.25935800000000	-27.9469010000000	58.8671680000000	-1.10000000000000e-05	59.0797390000000
-8.46746600000000	-27.8366530000000	58.8048130000000	-1.50000000000000e-05	59.0318370000000
-8.67685600000000	-27.7223090000000	58.7399830000000	-2.20000000000000e-05	58.9823380000000
-8.88744400000000	-27.6038270000000	58.6726300000000	-2.20000000000000e-05	58.9312060000000
-9.09912700000000	-27.4811500000000	58.6026880000000	-2.20000000000000e-05	58.8784640000000
-9.31181500000000	-27.3542210000000	58.5301250000000	-1.80000000000000e-05	58.8241120000000
-9.52539800000000	-27.2229580000000	58.4548570000000	-1.80000000000000e-05	58.7681160000000
-9.73978300000000	-27.0873150000000	58.3768420000000	-2.50000000000000e-05	58.7104840000000
-9.95485800000000	-26.9472030000000	58.2960050000000	-2.60000000000000e-05	58.6512180000000
-10.1705250000000	-26.8026200000000	58.2123220000000	-2.30000000000000e-05	58.5903130000000
-10.3866700000000	-26.6534860000000	58.1257170000000	-1.60000000000000e-05	58.5277820000000
-10.6031820000000	-26.4997560000000	58.0361400000000	-2.20000000000000e-05	58.4636270000000
-10.8199530000000	-26.3414190000000	57.9435350000000	-2.40000000000000e-05	58.3978920000000
-11.0368630000000	-26.1783640000000	57.8478360000000	-2.50000000000000e-05	58.3305400000000
-11.2538060000000	-26.0106350000000	57.7490200000000	-2.80000000000000e-05	58.2616310000000
-11.4706560000000	-25.8381500000000	57.6470030000000	-2.00000000000000e-05	58.1911510000000
-11.6873010000000	-25.6608810000000	57.5417480000000	-2.40000000000000e-05	58.1191410000000
-11.9036190000000	-25.4788190000000	57.4332120000000	-1.70000000000000e-05	58.0456200000000
-12.1194840000000	-25.2919100000000	57.3213200000000	-2.10000000000000e-05	57.9705890000000
-12.3347830000000	-25.1001590000000	57.2060430000000	-2.60000000000000e-05	57.8941270000000
-12.5493840000000	-24.9035610000000	57.0873220000000	-1.90000000000000e-05	57.8162420000000
-12.7631660000000	-24.7020660000000	56.9651110000000	-2.90000000000000e-05	57.7369610000000
-12.9760140000000	-24.4957050000000	56.8393520000000	-2.70000000000000e-05	57.6563680000000
-13.1877900000000	-24.2844470000000	56.7100370000000	-2.90000000000000e-05	57.5744170000000
-13.3983760000000	-24.0683140000000	56.5770760000000	-2.30000000000000e-05	57.4912410000000
-13.6076420000000	-23.8472860000000	56.4404560000000	-3.00000000000000e-05	57.4068340000000
-13.8154660000000	-23.6214050000000	56.3001140000000	-2.10000000000000e-05	57.3212890000000
-14.0217220000000	-23.3906380000000	56.1560290000000	-1.90000000000000e-05	57.2346150000000
-14.2262800000000	-23.1550410000000	56.0081440000000	-1.90000000000000e-05	57.1469000000000
-14.4290140000000	-22.9146060000000	55.8564260000000	-2.10000000000000e-05	57.0581930000000
-14.6298030000000	-22.6693550000000	55.7008440000000	-1.80000000000000e-05	56.9685170000000
-14.8285240000000	-22.4193290000000	55.5413550000000	-2.30000000000000e-05	56.8779870000000
-15.0250480000000	-22.1645740000000	55.3779220000000	-2.10000000000000e-05	56.7866590000000
-15.2192600000000	-21.9051090000000	55.2105290000000	-2.80000000000000e-05	56.6945800000000
-15.4110260000000	-21.6409700000000	55.0391350000000	-2.40000000000000e-05	56.6018450000000
-15.6002410000000	-21.3722130000000	54.8637010000000	-2.30000000000000e-05	56.5085110000000
-15.7867700000000	-21.0988730000000	54.6842230000000	-2.80000000000000e-05	56.4146460000000
-15.9705020000000	-20.8209840000000	54.5006520000000	-2.90000000000000e-05	56.3203350000000
-16.1513200000000	-20.5386310000000	54.3129840000000	-2.50000000000000e-05	56.2256510000000
-16.3291070000000	-20.2518650000000	54.1211890000000	-2.40000000000000e-05	56.1306760000000
-16.5037570000000	-19.9607410000000	53.9252430000000	-1.90000000000000e-05	56.0354960000000
-16.6751460000000	-19.6653160000000	53.7251430000000	-2.30000000000000e-05	55.9401700000000
-16.8431760000000	-19.3656640000000	53.5208550000000	-2.30000000000000e-05	55.8448140000000
-17.0077320000000	-19.0618650000000	53.3123740000000	-2.60000000000000e-05	55.7494890000000
-17.1687130000000	-18.7539920000000	53.0996970000000	-2.10000000000000e-05	55.6542890000000
-17.3260140000000	-18.4421040000000	52.8828090000000	-2.20000000000000e-05	55.5592960000000
-17.4795320000000	-18.1262860000000	52.6616900000000	-2.50000000000000e-05	55.4645840000000
-17.6291750000000	-17.8066250000000	52.4363480000000	-2.00000000000000e-05	55.3702740000000
-17.7748410000000	-17.4832040000000	52.2067830000000	-1.80000000000000e-05	55.2764130000000
-17.9164390000000	-17.1560990000000	51.9730030000000	-2.40000000000000e-05	55.1830940000000
-18.0538790000000	-16.8254240000000	51.7349890000000	-2.60000000000000e-05	55.0904310000000
-18.1870730000000	-16.4912510000000	51.4927560000000	-2.50000000000000e-05	54.9984930000000
-18.3159350000000	-16.1536430000000	51.2462810000000	-2.00000000000000e-05	54.9073600000000
-18.4403820000000	-15.8127590000000	50.9956360000000	-2.60000000000000e-05	54.8171120000000
-18.5603330000000	-15.4686300000000	50.7407720000000	-2.40000000000000e-05	54.7278560000000
-18.6757160000000	-15.1214040000000	50.4817350000000	-2.30000000000000e-05	54.6396600000000
-18.7864530000000	-14.7711430000000	50.2185360000000	-2.00000000000000e-05	54.5526050000000
-18.8924770000000	-14.4179740000000	49.9511910000000	-2.60000000000000e-05	54.4667700000000
-18.9937130000000	-14.0619960000000	49.6797220000000	-2.30000000000000e-05	54.3822560000000
-19.0901050000000	-13.7033060000000	49.4041600000000	-2.00000000000000e-05	54.2991410000000
-19.1815800000000	-13.3419740000000	49.1245080000000	-2.70000000000000e-05	54.2174490000000
-19.2680870000000	-12.9781530000000	48.8408130000000	-2.50000000000000e-05	54.1373290000000
-19.3495710000000	-12.6119400000000	48.5531160000000	-2.40000000000000e-05	54.0588150000000
-19.4259700000000	-12.2434100000000	48.2614170000000	-2.50000000000000e-05	53.9819680000000
-19.4972400000000	-11.8726920000000	47.9657710000000	-2.40000000000000e-05	53.9068980000000
-19.5633280000000	-11.4998900000000	47.6662290000000	-2.30000000000000e-05	53.8336410000000
-19.6241930000000	-11.1251050000000	47.3628080000000	-2.00000000000000e-05	53.7622830000000
-19.6797940000000	-10.7484540000000	47.0555880000000	-2.20000000000000e-05	53.6928410000000
-19.7300950000000	-10.3700350000000	46.7445680000000	-2.40000000000000e-05	53.6254430000000
-19.7750470000000	-9.98994400000000	46.4298290000000	-2.40000000000000e-05	53.5601010000000
-19.8146320000000	-9.60831500000000	46.1114120000000	-2.50000000000000e-05	53.4968870000000
-19.8488120000000	-9.22524800000000	45.7893790000000	-2.20000000000000e-05	53.4358520000000
-19.8775600000000	-8.84084900000000	45.4637870000000	-2.40000000000000e-05	53.3770410000000
-19.9008450000000	-8.45519900000000	45.1346740000000	-2.50000000000000e-05	53.3204960000000
-19.9186480000000	-8.06841700000000	44.8021050000000	-2.30000000000000e-05	53.2662890000000
-19.9309520000000	-7.68064400000000	44.4661830000000	-2.30000000000000e-05	53.2144430000000
-19.9377330000000	-7.29195500000000	44.1269420000000	-2.30000000000000e-05	53.1649930000000
-19.9389840000000	-6.90246600000000	43.7844620000000	-2.30000000000000e-05	53.1179770000000
-19.9346810000000	-6.51225700000000	43.4387890000000	-2.30000000000000e-05	53.0734440000000
-19.9248240000000	-6.12146800000000	43.0900340000000	-2.30000000000000e-05	53.0314060000000
-19.9093990000000	-5.73019200000000	42.7382700000000	-2.20000000000000e-05	52.9918940000000
-19.8884030000000	-5.33851900000000	42.3835600000000	-2.20000000000000e-05	52.9549370000000
-19.8618240000000	-4.94657000000000	42.0259970000000	-2.30000000000000e-05	52.9205470000000
-19.8296680000000	-4.55444400000000	41.6656570000000	-2.30000000000000e-05	52.8887630000000
-19.7919290000000	-4.16224200000000	41.3026500000000	-2.10000000000000e-05	52.8595730000000
-19.7486230000000	-3.77008200000000	40.9370570000000	-2.20000000000000e-05	52.8330040000000
-19.6997380000000	-3.37803000000000	40.5689510000000	-2.10000000000000e-05	52.8090480000000
-19.6452850000000	-2.98621900000000	40.1984480000000	-2.00000000000000e-05	52.7877430000000
-19.5854700000000	-2.59596500000000	39.8268170000000	-2.20000000000000e-05	52.7691270000000
-19.5205670000000	-2.20855100000000	39.4553070000000	-2.00000000000000e-05	52.7532160000000
-19.4506680000000	-1.82401700000000	39.0840150000000	-2.00000000000000e-05	52.7399710000000
-19.3758740000000	-1.44239200000000	38.7130390000000	-2.00000000000000e-05	52.7293280000000
-19.2962950000000	-1.06372500000000	38.3424720000000	-2.10000000000000e-05	52.7212220000000
-19.2120270000000	-0.688073000000000	37.9724350000000	-2.10000000000000e-05	52.7156110000000
-19.1231670000000	-0.315464000000000	37.6030010000000	-1.80000000000000e-05	52.7124180000000
-19.0298080000000	0.0540840000000000	37.2342610000000	-2.00000000000000e-05	52.7116200000000
-18.9320450000000	0.420521000000000	36.8663180000000	-1.90000000000000e-05	52.7131270000000
-18.8299730000000	0.783818000000000	36.4992560000000	-1.60000000000000e-05	52.7168920000000
-18.7236790000000	1.14392400000000	36.1331940000000	-1.30000000000000e-05	52.7228510000000
-18.6132560000000	1.50083100000000	35.7681880000000	-1.90000000000000e-05	52.7309570000000
-18.4987910000000	1.85449800000000	35.4043430000000	-1.90000000000000e-05	52.7411270000000
-18.3803620000000	2.20491600000000	35.0417480000000	-1.40000000000000e-05	52.7533040000000
-18.2580680000000	2.55201000000000	34.6805040000000	-2.10000000000000e-05	52.7674560000000
-18.1319770000000	2.89582300000000	34.3206560000000	-1.80000000000000e-05	52.7834890000000
-18.0021880000000	3.23626500000000	33.9623530000000	-1.50000000000000e-05	52.8013460000000
-17.8687630000000	3.57333800000000	33.6056480000000	-2.20000000000000e-05	52.8209800000000
-17.7317890000000	3.90703000000000	33.2506030000000	-2.20000000000000e-05	52.8423390000000
-17.5913490000000	4.23730900000000	32.8973390000000	-1.90000000000000e-05	52.8653180000000
-17.4475040000000	4.56412900000000	32.5459370000000	-1.70000000000000e-05	52.8898960000000
-17.3003370000000	4.88752400000000	32.1964420000000	-1.90000000000000e-05	52.9160080000000
-17.1499270000000	5.20740300000000	31.8489950000000	-1.80000000000000e-05	52.9435650000000
-16.9963360000000	5.52379500000000	31.5036330000000	-1.40000000000000e-05	52.9725340000000
-16.8396300000000	5.83665700000000	31.1604670000000	-1.70000000000000e-05	53.0028420000000
-16.6798930000000	6.14597300000000	30.8195550000000	-1.40000000000000e-05	53.0344350000000
-16.5171830000000	6.45172800000000	30.4809930000000	-2.20000000000000e-05	53.0672450000000
-16.3515620000000	6.75390100000000	30.1448460000000	-1.60000000000000e-05	53.1012190000000
-16.1831070000000	7.05247100000000	29.8111970000000	-1.90000000000000e-05	53.1362990000000
-16.0118750000000	7.34740700000000	29.4801430000000	-2.10000000000000e-05	53.1724210000000
-15.8379300000000	7.63870300000000	29.1517430000000	-1.80000000000000e-05	53.2095220000000
-15.6613350000000	7.92633200000000	28.8260860000000	-1.80000000000000e-05	53.2475470000000
-15.4821410000000	8.21030300000000	28.5032140000000	-2.10000000000000e-05	53.2864530000000
-15.3004230000000	8.49056300000000	28.1832470000000	-1.50000000000000e-05	53.3261600000000
-15.1162300000000	8.76710500000000	27.8662380000000	-2.00000000000000e-05	53.3666310000000
-14.9296230000000	9.03992700000000	27.5522610000000	-1.90000000000000e-05	53.4077800000000
-14.7406510000000	9.30898200000000	27.2414040000000	-1.70000000000000e-05	53.4495930000000
-14.5493780000000	9.57428000000000	26.9337230000000	-2.40000000000000e-05	53.4919660000000
-14.3558580000000	9.83576700000000	26.6293090000000	-1.80000000000000e-05	53.5348930000000
-14.1601360000000	10.0934800000000	26.3282030000000	-1.40000000000000e-05	53.5782780000000
-13.9622710000000	10.3473550000000	26.0305100000000	-1.90000000000000e-05	53.6221050000000
-13.7623110000000	10.5973940000000	25.7362690000000	-1.50000000000000e-05	53.6663020000000
-13.5603140000000	10.8435620000000	25.4456060000000	-2.20000000000000e-05	53.7107960000000
-13.3563220000000	11.0858610000000	25.1585290000000	-7.40000000000000e-06	53.7555770000000
-13.1503860000000	11.3242740000000	24.8751220000000	-8.00000000000000e-06	53.8005710000000
-12.9425520000000	11.5587750000000	24.5954650000000	-1.60000000000000e-05	53.8457260000000
-12.7328750000000	11.7893390000000	24.3196330000000	-9.50000000000000e-06	53.8909910000000
-12.5213910000000	12.0159650000000	24.0476760000000	-1.10000000000000e-05	53.9363330000000
-12.3081530000000	12.2386390000000	23.7796590000000	-1.80000000000000e-05	53.9816670000000
-12.0932040000000	12.4573350000000	23.5156420000000	-7.00000000000000e-06	54.0269890000000
-11.8765880000000	12.6720230000000	23.2557090000000	-1.70000000000000e-05	54.0722350000000
-11.6583510000000	12.8826910000000	22.9999350000000	-8.60000000000000e-06	54.1173400000000
-11.4385320000000	13.0893370000000	22.7483440000000	-1.20000000000000e-05	54.1622890000000
-11.2171720000000	13.2919590000000	22.5009940000000	-1.10000000000000e-05	54.2070120000000
-10.9943240000000	13.4904880000000	22.2580030000000	-1.10000000000000e-05	54.2514800000000
-10.7700160000000	13.6849690000000	22.0193600000000	-7.70000000000000e-06	54.2956310000000
-10.5442900000000	13.8753420000000	21.7851700000000	-6.00000000000000e-06	54.3394510000000
-10.3171960000000	14.0615830000000	21.5555100000000	-7.30000000000000e-06	54.3828700000000
-10.0887580000000	14.2437190000000	21.3303830000000	-1.30000000000000e-05	54.4258610000000
-9.85902700000000	14.4217120000000	21.1098710000000	-5.90000000000000e-06	54.4683800000000
-9.62804100000000	14.5955370000000	20.8940350000000	-9.50000000000000e-06	54.5103950000000
-9.39582900000000	14.7651890000000	20.6829260000000	-8.20000000000000e-06	54.5518460000000
-9.16243700000000	14.9306510000000	20.4765890000000	-7.40000000000000e-06	54.5927280000000
-8.92789400000000	15.0919180000000	20.2750780000000	-1.00000000000000e-05	54.6329690000000
-8.69224400000000	15.2489440000000	20.0784650000000	-4.40000000000000e-06	54.6725620000000
-8.45551300000000	15.4017510000000	19.8867820000000	-9.20000000000000e-06	54.7114260000000
-8.21774700000000	15.5503030000000	19.7000680000000	-8.00000000000000e-06	54.7495920000000
-7.97897900000000	15.6945830000000	19.5183980000000	-4.20000000000000e-06	54.7869910000000
-7.73923300000000	15.8345850000000	19.3418120000000	-6.80000000000000e-06	54.8235740000000
-7.49855500000000	15.9702990000000	19.1703430000000	-9.10000000000000e-06	54.8593140000000
-7.25697500000000	16.1017020000000	19.0040510000000	-6.70000000000000e-06	54.8942150000000
-7.01452400000000	16.2287980000000	18.8429530000000	-7.30000000000000e-06	54.9282150000000
-6.77124000000000	16.3515470000000	18.6871280000000	-7.70000000000000e-06	54.9612920000000
-6.52715100000000	16.4699540000000	18.5365980000000	-6.30000000000000e-06	54.9934200000000
-6.28229000000000	16.5840090000000	18.3913880000000	-7.90000000000000e-06	55.0245630000000
-6.03668800000000	16.6936740000000	18.2515770000000	-3.80000000000000e-06	55.0547140000000
-5.79038400000000	16.7989880000000	18.1171550000000	-5.80000000000000e-06	55.0838240000000
-5.54340300000000	16.8998740000000	17.9882070000000	-4.90000000000000e-06	55.1118850000000
-5.29577600000000	16.9963780000000	17.8647230000000	-1.60000000000000e-06	55.1388630000000
-5.04753900000000	17.0884440000000	17.7467780000000	-6.00000000000000e-06	55.1647340000000
-4.79871600000000	17.1761150000000	17.6343570000000	-3.50000000000000e-06	55.1895070000000
-4.54934400000000	17.2593520000000	17.5275000000000	7.50000000000000e-08	55.2131160000000
-4.29944500000000	17.3381310000000	17.4262870000000	-1.30000000000000e-06	55.2355500000000
-4.04906000000000	17.4124510000000	17.3306980000000	-1.30000000000000e-06	55.2568170000000
-3.79821300000000	17.4823150000000	17.2407630000000	-2.50000000000000e-06	55.2768900000000
-3.54693100000000	17.5477090000000	17.1565230000000	-3.70000000000000e-07	55.2957420000000
-3.29524900000000	17.6086200000000	17.0779930000000	-1.00000000000000e-06	55.3133510000000
-3.04319000000000	17.6650750000000	17.0051670000000	-1.80000000000000e-06	55.3297200000000
-2.79079200000000	17.7170140000000	16.9381220000000	-9.00000000000000e-07	55.3448330000000
-2.53808000000000	17.7644560000000	16.8768350000000	-5.90000000000000e-07	55.3586730000000
-2.28507700000000	17.8074110000000	16.8213250000000	4.60000000000000e-07	55.3712310000000
-2.03182100000000	17.8458440000000	16.7716310000000	5.20000000000000e-07	55.3824920000000
-1.77833400000000	17.8797650000000	16.7277490000000	-7.00000000000000e-07	55.3924480000000
-1.52465200000000	17.9091890000000	16.6896780000000	8.00000000000000e-07	55.4010960000000
-1.27079400000000	17.9340900000000	16.6574500000000	1.10000000000000e-06	55.4084320000000
-1.01679900000000	17.9544540000000	16.6310830000000	5.50000000000000e-07	55.4144290000000
-0.762690000000000	17.9702930000000	16.6105710000000	1.30000000000000e-06	55.4191020000000
-0.508491000000000	17.9816230000000	16.5958980000000	1.80000000000000e-06	55.4224470000000
-0.254240000000000	17.9884130000000	16.5870970000000	2.00000000000000e-06	55.4244540000000
4.30000000000000e-05	17.9906830000000	16.5841640000000	2.40000000000000e-06	55.4251170000000
0.254323000000000	17.9884200000000	16.5870900000000	2.60000000000000e-06	55.4244580000000
0.508573000000000	17.9816250000000	16.5958940000000	2.70000000000000e-06	55.4224550000000
0.762772000000000	17.9702970000000	16.6105650000000	3.40000000000000e-06	55.4191060000000
1.01688100000000	17.9544510000000	16.6310840000000	4.00000000000000e-06	55.4144330000000
1.27088000000000	17.9340630000000	16.6574780000000	3.80000000000000e-06	55.4084280000000
1.52473300000000	17.9091930000000	16.6896720000000	3.60000000000000e-06	55.4011040000000
1.77841900000000	17.8797680000000	16.7277490000000	3.00000000000000e-06	55.3924600000000
2.03190300000000	17.8458540000000	16.7716180000000	5.90000000000000e-06	55.3824920000000
2.28515800000000	17.8074050000000	16.8213250000000	5.20000000000000e-06	55.3712350000000
2.53816100000000	17.7644460000000	16.8768460000000	5.20000000000000e-06	55.3586770000000
2.79087300000000	17.7170050000000	16.9381260000000	3.60000000000000e-06	55.3448410000000
3.04327500000000	17.6650540000000	17.0051880000000	5.40000000000000e-06	55.3297200000000
3.29533000000000	17.6086310000000	17.0779780000000	3.90000000000000e-06	55.3133660000000
3.54701100000000	17.5477050000000	17.1565230000000	6.50000000000000e-06	55.2957380000000
3.79829400000000	17.4823150000000	17.2407630000000	5.40000000000000e-06	55.2768970000000
4.04914200000000	17.4124280000000	17.3307130000000	6.50000000000000e-06	55.2568280000000
4.29953000000000	17.3381120000000	17.4262980000000	8.00000000000000e-06	55.2355540000000
4.54942400000000	17.2593310000000	17.5275250000000	6.90000000000000e-06	55.2131160000000
4.79880000000000	17.1761000000000	17.6343730000000	6.90000000000000e-06	55.1895030000000
5.04761900000000	17.0884460000000	17.7467800000000	1.20000000000000e-05	55.1647450000000
5.29585700000000	16.9963590000000	17.8647440000000	5.90000000000000e-06	55.1388700000000
5.54348500000000	16.8998580000000	17.9882160000000	7.50000000000000e-06	55.1118970000000
5.79046400000000	16.7989580000000	18.1171740000000	1.00000000000000e-05	55.0838360000000
6.03677300000000	16.6936570000000	18.2515960000000	8.50000000000000e-06	55.0547180000000
6.28237000000000	16.5839710000000	18.3914260000000	1.10000000000000e-05	55.0245700000000
6.52722800000000	16.4699230000000	18.5366270000000	9.40000000000000e-06	54.9934160000000
6.77131900000000	16.3515320000000	18.6871400000000	9.90000000000000e-06	54.9612960000000
7.01460400000000	16.2287710000000	18.8429810000000	9.30000000000000e-06	54.9282070000000
7.25705600000000	16.1016710000000	19.0040780000000	1.20000000000000e-05	54.8942260000000
7.49863600000000	15.9702630000000	19.1703740000000	1.70000000000000e-05	54.8593250000000
7.73931100000000	15.8345640000000	19.3418290000000	1.20000000000000e-05	54.8235780000000
7.97905500000000	15.6945510000000	19.5184380000000	1.20000000000000e-05	54.7869760000000
8.21782500000000	15.5502600000000	19.7001130000000	1.20000000000000e-05	54.7495960000000
8.45559500000000	15.4017180000000	19.8868010000000	1.50000000000000e-05	54.7114490000000
8.69232000000000	15.2489130000000	20.0785010000000	1.40000000000000e-05	54.6725540000000
8.92797400000000	15.0918800000000	20.2751120000000	1.30000000000000e-05	54.6329730000000
9.16251400000000	14.9306180000000	20.4766200000000	1.60000000000000e-05	54.5927280000000
9.39590500000000	14.7651590000000	20.6829470000000	1.40000000000000e-05	54.5518680000000
9.62811700000000	14.5954960000000	20.8940700000000	7.80000000000000e-06	54.5104100000000
9.85910400000000	14.4216790000000	21.1098960000000	1.20000000000000e-05	54.4683990000000
10.0888330000000	14.2436840000000	21.3304120000000	1.30000000000000e-05	54.4258730000000
10.3172690000000	14.0615370000000	21.5555530000000	1.20000000000000e-05	54.3828770000000
10.5443620000000	13.8752940000000	21.7852150000000	1.30000000000000e-05	54.3394580000000
10.7700880000000	13.6849140000000	22.0194090000000	1.10000000000000e-05	54.2956500000000
10.9943950000000	13.4904620000000	22.2580220000000	1.60000000000000e-05	54.2514880000000
11.2172490000000	13.2919060000000	22.5010430000000	5.80000000000000e-06	54.2070270000000
11.4386030000000	13.0893030000000	22.7483710000000	1.40000000000000e-05	54.1622960000000
11.6584220000000	12.8826630000000	22.9999520000000	1.30000000000000e-05	54.1173590000000
11.8766580000000	12.6719750000000	23.2557540000000	1.40000000000000e-05	54.0722430000000
12.0932750000000	12.4572770000000	23.5156920000000	1.30000000000000e-05	54.0270040000000
12.3082250000000	12.2385850000000	23.7797050000000	1.50000000000000e-05	53.9816860000000
12.5214580000000	12.0159260000000	24.0477070000000	1.80000000000000e-05	53.9363330000000
12.7329420000000	11.7892990000000	24.3196680000000	1.30000000000000e-05	53.8910030000000
12.9426240000000	11.5587180000000	24.5955240000000	1.90000000000000e-05	53.8457340000000
13.1504540000000	11.3242180000000	24.8751720000000	1.50000000000000e-05	53.8005870000000
13.3563910000000	11.0858120000000	25.1585730000000	1.00000000000000e-05	53.7555920000000
13.5603800000000	10.8435040000000	25.4456500000000	1.60000000000000e-05	53.7108230000000
13.7623770000000	10.5973350000000	25.7363280000000	2.00000000000000e-05	53.6663130000000
13.9623380000000	10.3472900000000	26.0305610000000	1.50000000000000e-05	53.6221240000000
14.1602000000000	10.0934230000000	26.3282550000000	1.50000000000000e-05	53.5782930000000
14.3559210000000	9.83572500000000	26.6293470000000	1.10000000000000e-05	53.5349040000000
14.5494400000000	9.57422400000000	26.9337600000000	2.20000000000000e-05	53.4919930000000
14.7407110000000	9.30893100000000	27.2414470000000	1.40000000000000e-05	53.4495960000000
14.9296840000000	9.03986100000000	27.5523190000000	1.80000000000000e-05	53.4077990000000
15.1162900000000	8.76705800000000	27.8662780000000	1.90000000000000e-05	53.3666500000000
15.3004810000000	8.49050400000000	28.1832980000000	1.50000000000000e-05	53.3261680000000
15.4822020000000	8.21024400000000	28.5032710000000	1.60000000000000e-05	53.2864650000000
15.6613860000000	7.92629000000000	28.8261240000000	2.10000000000000e-05	53.2475660000000
15.8379920000000	7.63864000000000	29.1517910000000	1.50000000000000e-05	53.2095450000000
16.0119300000000	7.34734100000000	29.4802000000000	1.60000000000000e-05	53.1724400000000
16.1831630000000	7.05239600000000	29.8112620000000	1.60000000000000e-05	53.1363180000000
16.3516160000000	6.75383900000000	30.1448860000000	1.70000000000000e-05	53.1012540000000
16.5172270000000	6.45167800000000	30.4810310000000	1.50000000000000e-05	53.0672680000000
16.6799470000000	6.14590400000000	30.8196140000000	1.10000000000000e-05	53.0344510000000
16.8396820000000	5.83659300000000	31.1605150000000	1.20000000000000e-05	53.0028650000000
16.9963820000000	5.52372500000000	31.5036980000000	1.60000000000000e-05	52.9725570000000
17.1499710000000	5.20734400000000	31.8490390000000	1.90000000000000e-05	52.9435920000000
17.3003850000000	4.88746300000000	32.1964870000000	1.90000000000000e-05	52.9160270000000
17.4475540000000	4.56406400000000	32.5459820000000	9.90000000000000e-06	52.8899310000000
17.5913910000000	4.23723900000000	32.8973920000000	1.60000000000000e-05	52.8653490000000
17.7318360000000	3.90695400000000	33.2506640000000	1.50000000000000e-05	52.8423580000000
17.8688090000000	3.57327100000000	33.6056940000000	1.80000000000000e-05	52.8210140000000
18.0022300000000	3.23619100000000	33.9624060000000	1.50000000000000e-05	52.8013800000000
18.1320230000000	2.89573200000000	34.3207280000000	1.50000000000000e-05	52.7835120000000
18.2581060000000	2.55193900000000	34.6805610000000	1.20000000000000e-05	52.7674750000000
18.3804020000000	2.20482500000000	35.0418090000000	1.50000000000000e-05	52.7533420000000
18.4988250000000	1.85443000000000	35.4044000000000	1.30000000000000e-05	52.7411500000000
18.6132910000000	1.50075100000000	35.7682460000000	1.20000000000000e-05	52.7309840000000
18.7237130000000	1.14385200000000	36.1332470000000	1.60000000000000e-05	52.7228810000000
18.8300060000000	0.783732000000000	36.4993170000000	1.50000000000000e-05	52.7169270000000
18.9320770000000	0.420445000000000	36.8663750000000	1.10000000000000e-05	52.7131500000000
19.0298330000000	0.0540300000000000	37.2342990000000	1.40000000000000e-05	52.7116510000000
19.1231940000000	-0.315535000000000	37.6030620000000	1.40000000000000e-05	52.7124560000000
19.2120490000000	-0.688150000000000	37.9724880000000	1.60000000000000e-05	52.7156450000000
19.2963220000000	-1.06380300000000	38.3425330000000	1.30000000000000e-05	52.7212520000000
19.3758950000000	-1.44247000000000	38.7130970000000	1.60000000000000e-05	52.7293550000000
19.4506840000000	-1.82408300000000	39.0840610000000	1.60000000000000e-05	52.7400050000000
19.5205840000000	-2.20861700000000	39.4553530000000	1.40000000000000e-05	52.7532420000000
19.5854910000000	-2.59605800000000	39.8268810000000	1.40000000000000e-05	52.7691540000000
19.6453000000000	-2.98629000000000	40.1985130000000	1.30000000000000e-05	52.7877580000000
19.6997490000000	-3.37810100000000	40.5690160000000	1.20000000000000e-05	52.8090590000000
19.7486320000000	-3.77013700000000	40.9371030000000	1.40000000000000e-05	52.8330120000000
19.7919430000000	-4.16229600000000	41.3027000000000	1.60000000000000e-05	52.8595770000000
19.8296790000000	-4.55451000000000	41.6657220000000	1.40000000000000e-05	52.8887670000000
19.8618350000000	-4.94664500000000	42.0260580000000	1.40000000000000e-05	52.9205700000000
19.8884110000000	-5.33858800000000	42.3836210000000	1.40000000000000e-05	52.9549560000000
19.9094120000000	-5.73025400000000	42.7383230000000	1.40000000000000e-05	52.9919090000000
19.9248310000000	-6.12152100000000	43.0900960000000	1.60000000000000e-05	53.0314060000000
19.9346890000000	-6.51231200000000	43.4388470000000	1.50000000000000e-05	53.0734600000000
19.9389920000000	-6.90252100000000	43.7845150000000	1.40000000000000e-05	53.1179890000000
19.9377440000000	-7.29200500000000	44.1269950000000	1.40000000000000e-05	53.1650010000000
19.9309620000000	-7.68070400000000	44.4662480000000	1.40000000000000e-05	53.2144430000000
19.9186550000000	-8.06847700000000	44.8021660000000	1.40000000000000e-05	53.2663000000000
19.9008480000000	-8.45523500000000	45.1347160000000	1.40000000000000e-05	53.3205070000000
19.8775650000000	-8.84087300000000	45.4638180000000	1.40000000000000e-05	53.3770330000000
19.8488200000000	-9.22530400000000	45.7894400000000	1.20000000000000e-05	53.4358710000000
19.8146380000000	-9.60836200000000	46.1114620000000	1.50000000000000e-05	53.4968870000000
19.7750570000000	-9.98999800000000	46.4298900000000	1.10000000000000e-05	53.5601040000000
19.7301030000000	-10.3700720000000	46.7446210000000	1.20000000000000e-05	53.6254460000000
19.6798080000000	-10.7484940000000	47.0556340000000	1.50000000000000e-05	53.6928440000000
19.6242010000000	-11.1251440000000	47.3628580000000	1.20000000000000e-05	53.7622760000000
19.5633350000000	-11.4999360000000	47.6662830000000	1.20000000000000e-05	53.8336490000000
19.4972440000000	-11.8727300000000	47.9658200000000	1.30000000000000e-05	53.9069060000000
19.4259780000000	-12.2434450000000	48.2614560000000	1.10000000000000e-05	53.9819910000000
19.3495750000000	-12.6119590000000	48.5531460000000	1.30000000000000e-05	54.0588070000000
19.2681030000000	-12.9782010000000	48.8408580000000	1.30000000000000e-05	54.1373210000000
19.1815930000000	-13.3420100000000	49.1245500000000	5.90000000000000e-06	54.2174720000000
19.0901150000000	-13.7033120000000	49.4041820000000	6.70000000000000e-06	54.2991370000000
18.9937250000000	-14.0620230000000	49.6797680000000	1.30000000000000e-05	54.3822560000000
18.8924850000000	-14.4180290000000	49.9512480000000	1.40000000000000e-05	54.4667740000000
18.7864670000000	-14.7711820000000	50.2185820000000	1.40000000000000e-05	54.5525890000000
18.6757300000000	-15.1214360000000	50.4817850000000	6.90000000000000e-06	54.6396600000000
18.5603470000000	-15.4686780000000	50.7408220000000	1.20000000000000e-05	54.7278400000000
18.4403920000000	-15.8127930000000	50.9956820000000	1.70000000000000e-05	54.8171040000000
18.3159520000000	-16.1536690000000	51.2463300000000	1.10000000000000e-05	54.9073450000000
18.1870840000000	-16.4912640000000	51.4927860000000	7.20000000000000e-06	54.9984860000000
18.0538980000000	-16.8254640000000	51.7350310000000	6.00000000000000e-06	55.0904430000000
17.9164600000000	-17.1561320000000	51.9730340000000	1.10000000000000e-05	55.1831020000000
17.7748550000000	-17.4832320000000	52.2068330000000	8.00000000000000e-06	55.2764090000000
17.6291900000000	-17.8066520000000	52.4363860000000	5.40000000000000e-06	55.3702740000000
17.4795460000000	-18.1263280000000	52.6617390000000	8.50000000000000e-06	55.4645960000000
17.3260310000000	-18.4421290000000	52.8828510000000	4.60000000000000e-06	55.5592880000000
17.1687320000000	-18.7540300000000	53.0997430000000	9.30000000000000e-06	55.6542970000000
17.0077480000000	-19.0619010000000	53.3124200000000	2.40000000000000e-06	55.7494890000000
16.8431930000000	-19.3656900000000	53.5208930000000	9.30000000000000e-06	55.8448100000000
16.6751690000000	-19.6653370000000	53.7251740000000	1.10000000000000e-05	55.9401630000000
16.5037750000000	-19.9607660000000	53.9252780000000	1.20000000000000e-05	56.0354960000000
16.3291240000000	-20.2518710000000	54.1212160000000	1.30000000000000e-05	56.1306570000000
16.1513420000000	-20.5386540000000	54.3130110000000	2.00000000000000e-06	56.2256470000000
15.9705190000000	-20.8210010000000	54.5006940000000	3.80000000000000e-06	56.3203160000000
15.7867910000000	-21.0988640000000	54.6842460000000	3.30000000000000e-07	56.4146420000000
15.6002600000000	-21.3722400000000	54.8637470000000	9.40000000000000e-06	56.5084840000000
15.4110480000000	-21.6409890000000	55.0391580000000	7.70000000000000e-06	56.6018450000000
15.2192780000000	-21.9051460000000	55.2105670000000	1.50000000000000e-05	56.6945950000000
15.0250740000000	-22.1646040000000	55.3779600000000	4.40000000000000e-06	56.7866590000000
14.8285440000000	-22.4193610000000	55.5413860000000	9.00000000000000e-06	56.8779790000000
14.6298250000000	-22.6693800000000	55.7008780000000	9.60000000000000e-06	56.9685210000000
14.4290340000000	-22.9146190000000	55.8564570000000	1.50000000000000e-05	57.0581740000000
14.2262990000000	-23.1550580000000	56.0081750000000	5.60000000000000e-06	57.1469000000000
14.0217390000000	-23.3906780000000	56.1560670000000	2.30000000000000e-06	57.2346190000000
13.8154860000000	-23.6214220000000	56.3001560000000	6.00000000000000e-06	57.3212850000000
13.6076620000000	-23.8473210000000	56.4404910000000	8.50000000000000e-06	57.4068450000000
13.3984010000000	-24.0683360000000	56.5771100000000	4.30000000000000e-06	57.4912410000000
13.1878130000000	-24.2844870000000	56.7100750000000	9.00000000000000e-06	57.5744170000000
12.9760380000000	-24.4957410000000	56.8393940000000	-3.30000000000000e-06	57.6563610000000
12.7631910000000	-24.7020890000000	56.9651410000000	9.80000000000000e-06	57.7369690000000
12.5493990000000	-24.9035720000000	57.0873490000000	1.00000000000000e-05	57.8162350000000
12.3348060000000	-25.1001950000000	57.2060660000000	2.50000000000000e-06	57.8941540000000
12.1195030000000	-25.2919240000000	57.3213460000000	9.60000000000000e-06	57.9705960000000
11.9036370000000	-25.4788250000000	57.4332310000000	5.40000000000000e-06	58.0455970000000
11.6873170000000	-25.6609120000000	57.5417750000000	2.50000000000000e-06	58.1191440000000
11.4706780000000	-25.8381730000000	57.6470300000000	9.10000000000000e-06	58.1911580000000
11.2538210000000	-26.0106510000000	57.7490390000000	1.10000000000000e-05	58.2616310000000
11.0368830000000	-26.1784100000000	57.8478660000000	9.00000000000000e-06	58.3305590000000
10.8199730000000	-26.3414310000000	57.9435540000000	1.70000000000000e-06	58.3978920000000
10.6031990000000	-26.4997960000000	58.0361670000000	3.50000000000000e-07	58.4636460000000
10.3866830000000	-26.6535150000000	58.1257510000000	2.90000000000000e-06	58.5277900000000
10.1705400000000	-26.8026560000000	58.2123570000000	-2.00000000000000e-06	58.5903130000000
9.95487400000000	-26.9472370000000	58.2960400000000	7.20000000000000e-06	58.6512180000000
9.73980000000000	-27.0873180000000	58.3768620000000	9.10000000000000e-06	58.7104680000000
9.52541500000000	-27.2229710000000	58.4548760000000	4.30000000000000e-06	58.7681080000000
9.31182900000000	-27.3542400000000	58.5301510000000	-9.20000000000000e-07	58.8241160000000
9.09914500000000	-27.4811880000000	58.6027150000000	-2.20000000000000e-06	58.8784870000000
8.88745200000000	-27.6038590000000	58.6726460000000	5.70000000000000e-06	58.9312400000000
8.67687700000000	-27.7223340000000	58.7400090000000	4.80000000000000e-07	58.9823460000000
8.46748000000000	-27.8366620000000	58.8048360000000	-3.00000000000000e-06	59.0318450000000
8.25937600000000	-27.9469110000000	58.8671880000000	-1.90000000000000e-07	59.0797390000000
8.05263500000000	-28.0531770000000	58.9271320000000	1.60000000000000e-07	59.1260640000000
7.84737900000000	-28.1555160000000	58.9847220000000	-4.80000000000000e-06	59.1708110000000
7.64365900000000	-28.2539670000000	59.0400200000000	-1.80000000000000e-06	59.2139700000000
7.44157800000000	-28.3486580000000	59.0930710000000	-1.80000000000000e-07	59.2556150000000
7.24120400000000	-28.4396310000000	59.1439400000000	-3.20000000000000e-06	59.2957150000000
7.04263400000000	-28.5269620000000	59.1926610000000	-4.10000000000000e-06	59.3343200000000
6.84592600000000	-28.6107650000000	59.2393230000000	8.90000000000000e-07	59.3714600000000
6.65116000000000	-28.6910740000000	59.2839660000000	-3.00000000000000e-06	59.4071350000000
6.45841100000000	-28.7679920000000	59.3266330000000	-3.50000000000000e-06	59.4413760000000
6.26773100000000	-28.8416040000000	59.3674130000000	-2.10000000000000e-06	59.4742130000000
6.07919800000000	-28.9119800000000	59.4063300000000	-1.80000000000000e-06	59.5056690000000
5.89287900000000	-28.9792060000000	59.4434430000000	-3.60000000000000e-06	59.5357890000000
5.70883000000000	-29.0433670000000	59.4788090000000	-2.90000000000000e-06	59.5645790000000
5.52711200000000	-29.1045320000000	59.5124780000000	-5.80000000000000e-06	59.5920750000000
5.34776700000000	-29.1628070000000	59.5445180000000	5.00000000000000e-07	59.6183170000000
5.17086300000000	-29.2182560000000	59.5749510000000	-6.40000000000000e-06	59.6433220000000
4.99644800000000	-29.2709810000000	59.6038590000000	-4.00000000000000e-06	59.6671410000000
4.82457300000000	-29.3210330000000	59.6312680000000	-3.80000000000000e-06	59.6897810000000
4.65527100000000	-29.3685300000000	59.6572490000000	-6.20000000000000e-06	59.7112960000000
4.48859900000000	-29.4135440000000	59.6818470000000	-6.80000000000000e-06	59.7317120000000
4.32459800000000	-29.4561270000000	59.7050900000000	-4.10000000000000e-06	59.7510640000000
4.16331300000000	-29.4964050000000	59.7270700000000	-8.00000000000000e-06	59.7693600000000
4.00476300000000	-29.5344350000000	59.7477910000000	-5.80000000000000e-06	59.7866630000000
3.84900000000000	-29.5702970000000	59.7673110000000	-5.40000000000000e-06	59.8029980000000
3.69605800000000	-29.6040730000000	59.7856900000000	-5.90000000000000e-06	59.8184090000000
3.54596700000000	-29.6358300000000	59.8029590000000	-6.40000000000000e-06	59.8328900000000
3.39874800000000	-29.6656630000000	59.8191600000000	-8.00000000000000e-06	59.8465190000000
3.25445500000000	-29.6936470000000	59.8343580000000	-4.70000000000000e-06	59.8593140000000
3.11308700000000	-29.7198580000000	59.8485720000000	-7.20000000000000e-06	59.8713000000000
2.97466800000000	-29.7443710000000	59.8618550000000	-5.30000000000000e-06	59.8825300000000
2.83925300000000	-29.7672290000000	59.8742520000000	-9.10000000000000e-06	59.8930020000000
2.70683300000000	-29.7885550000000	59.8857960000000	-8.20000000000000e-06	59.9027820000000
2.57744300000000	-29.8083670000000	59.8965300000000	-6.10000000000000e-06	59.9118580000000
2.45110300000000	-29.8267590000000	59.9064750000000	-8.00000000000000e-06	59.9203000000000
2.32783300000000	-29.8438220000000	59.9157030000000	-6.70000000000000e-06	59.9281430000000
2.20763000000000	-29.8595890000000	59.9242290000000	-7.00000000000000e-06	59.9353830000000
2.09052900000000	-29.8741340000000	59.9320910000000	-9.40000000000000e-06	59.9420550000000
1.97654100000000	-29.8875350000000	59.9393350000000	-7.90000000000000e-06	59.9482150000000
1.86568100000000	-29.8998130000000	59.9459690000000	-8.00000000000000e-06	59.9538650000000
1.75794700000000	-29.9110790000000	59.9520530000000	-8.40000000000000e-06	59.9590490000000
1.65336100000000	-29.9213580000000	59.9576070000000	-8.40000000000000e-06	59.9637680000000
1.55193700000000	-29.9307400000000	59.9626690000000	-8.40000000000000e-06	59.9680900000000
1.45368200000000	-29.9392430000000	59.9672510000000	-8.70000000000000e-06	59.9720040000000
1.35860400000000	-29.9469450000000	59.9714050000000	-8.50000000000000e-06	59.9755550000000
1.26669900000000	-29.9538840000000	59.9751550000000	-8.80000000000000e-06	59.9787480000000
1.17798500000000	-29.9601270000000	59.9785230000000	-8.70000000000000e-06	59.9816170000000
1.09247000000000	-29.9657040000000	59.9815330000000	-9.40000000000000e-06	59.9841840000000
1.01014500000000	-29.9706900000000	59.9842190000000	-9.00000000000000e-06	59.9864920000000
0.931028000000000	-29.9751010000000	59.9865950000000	-9.30000000000000e-06	59.9885220000000
0.855125000000000	-29.9789890000000	59.9886970000000	-9.40000000000000e-06	59.9903110000000
0.782439000000000	-29.9824100000000	59.9905430000000	-9.40000000000000e-06	59.9918900000000
0.712974000000000	-29.9853950000000	59.9921490000000	-9.20000000000000e-06	59.9932670000000
0.646717000000000	-29.9879840000000	59.9935490000000	-9.50000000000000e-06	59.9944570000000
0.583686000000000	-29.9902060000000	59.9947430000000	-9.80000000000000e-06	59.9954760000000
0.523884000000000	-29.9921130000000	59.9957700000000	-9.60000000000000e-06	59.9963610000000
0.467310000000000	-29.9937310000000	59.9966430000000	-9.90000000000000e-06	59.9971050000000
0.413955000000000	-29.9950600000000	59.9973640000000	-9.90000000000000e-06	59.9977150000000
0.363833000000000	-29.9961870000000	59.9979670000000	-9.90000000000000e-06	59.9982410000000
0.316944000000000	-29.9970990000000	59.9984590000000	-9.90000000000000e-06	59.9986570000000
0.273292000000000	-29.9978330000000	59.9988630000000	-1.00000000000000e-05	59.9989850000000
0.232860000000000	-29.9984210000000	59.9991680000000	-1.00000000000000e-05	59.9992640000000
0.195679000000000	-29.9988880000000	59.9994160000000	-1.00000000000000e-05	59.9994890000000
0.161720000000000	-29.9992370000000	59.9996070000000	-1.00000000000000e-05	59.9996410000000
0.130983000000000	-29.9994810000000	59.9997370000000	-1.00000000000000e-05	59.9997630000000
0.103499000000000	-29.9996700000000	59.9998400000000	-1.00000000000000e-05	59.9998440000000
0.0792370000000000	-29.9998090000000	59.9999120000000	-1.00000000000000e-05	59.9999120000000
0.0582130000000000	-29.9998720000000	59.9999540000000	-1.00000000000000e-05	59.9999350000000
0.0404270000000000	-29.9999260000000	59.9999730000000	-1.00000000000000e-05	59.9999620000000
0.0258640000000000	-29.9999640000000	59.9999960000000	-1.00000000000000e-05	59.9999730000000
0.0145530000000000	-29.9999640000000	59.9999960000000	-1.00000000000000e-05	59.9999890000000
0.00646500000000000	-29.9999730000000	59.9999960000000	-1.00000000000000e-05	59.9999960000000
0.00161600000000000	-29.9999680000000	60.0000040000000	-1.00000000000000e-05	59.9999810000000